82294
82989
83595
83249
82353
82970
82590
83096
83442
83368
82659
83579
82890
82696
83384
83773
83049
82460
83980
82768
83582
83689
82784
82113
83179
82571
83236
82191
83587
82246
82410
83941
82024
83533
83919
83288
82975
83377
82188
83589
82886
83405
83339
83681
82474
82263
82795
83783
83698
83714
83887
82777
83270
83398
83639
83514
82042
82976
83592
83498
83485
83408
82765
83813
83526
83676
82476
83942
82596
82382
83883
83192
82425
82326
82676
82861
83718
83037
83286
83552
82583
83912
83222
82704
82693
83361
83842
83536
83538
83309
83635
82610
83964
82298
83338
83221
82691
83581
82678
83897
82212
83379
83334
82397
83630
83574
82893
83264
83423
83374
82487
83446
83075
82067
83632
82686
82564
83872
83522
83881
83836
83182
83195
83244
82336
82445
83488
83695
83295
83292
83521
83523
83811
83704
83186
82493
83395
83386
83464
82798
83481
83692
83452
82723
83891
83916
83032
83687
83242
83766
82296
82098
82594
82994
83683
82331
82533
82562
83767
83214
83389
82181
83388
83090
82792
83437
82588
83184
82598
83513
83319
82178
82753
83364
83033
82992
82990
83479
83844
83565
82240
82287
83914
82791
83531
82882
82986
83393
82863
83228
83985
82983
82780
83483
83376
82480
83570
83702
83967
82184
82996
83064
83332
83358
83716
83097
82586
82900
82979
83738
82915
83743
83995
83470
83373
83410
82106
82689
83441
83229
83936
83997
83953
83726
82668
82879
83920
83267
83736
82280
83907
83550
83781
83631
83669
83088
82690
83190
83586
82392
83851
82141
83076
82797
83235
82807
82683
83784
82317
82578
83948
82145
82789
82361
82198
83577
83428
83927
83923
82870
83642
83648
83344
83623
82376